📊 Offline results:
+--------------+-----------+----------+----------+-----------+----------+----------+
| Patient ID   |   RMSE 30 |   MAE 30 |    R² 30 |   RMSE 60 |   MAE 60 |    R² 60 |
+==============+===========+==========+==========+===========+==========+==========+
| 559          |   25.3456 |  18.1681 | 0.877803 |   42.7002 |  30.8714 | 0.653853 |
+--------------+-----------+----------+----------+-----------+----------+----------+
| 563          |   23.6694 |  15.6252 | 0.786225 |   33.6161 |  24.4605 | 0.569781 |
+--------------+-----------+----------+----------+-----------+----------+----------+
| 570          |   26.6412 |  15.704  | 0.791953 |   34.7081 |  23.5178 | 0.642492 |
+--------------+-----------+----------+----------+-----------+----------+----------+
| 575          |   39.5989 |  22.6504 | 0.696213 |   50.8054 |  34.6974 | 0.498899 |
+--------------+-----------+----------+----------+-----------+----------+----------+
| 588          |   21.0709 |  14.9178 | 0.789793 |   30.2129 |  22.0947 | 0.566514 |
+--------------+-----------+----------+----------+-----------+----------+----------+
| 591          |   32.1037 |  20.6074 | 0.540211 |   40.7133 |  29.3494 | 0.259987 |
+--------------+-----------+----------+----------+-----------+----------+----------+
| AVERAGE      |   28.0716 |  17.9455 | 0.747033 |   38.7927 |  27.4985 | 0.531921 |
+--------------+-----------+----------+----------+-----------+----------+----------+