📊 Offline results:
+--------------+-----------+----------+----------+-----------+----------+----------+
| Patient ID   |   RMSE 30 |   MAE 30 |    R² 30 |   RMSE 60 |   MAE 60 |    R² 60 |
+==============+===========+==========+==========+===========+==========+==========+
| 559          |   25.3401 |  18.1374 | 0.877856 |   42.6704 |  30.8762 | 0.654337 |
+--------------+-----------+----------+----------+-----------+----------+----------+
| 563          |   23.826  |  15.6598 | 0.783387 |   33.6631 |  24.5407 | 0.568576 |
+--------------+-----------+----------+----------+-----------+----------+----------+
| 570          |   26.5851 |  15.6422 | 0.792829 |   34.6953 |  23.5426 | 0.642754 |
+--------------+-----------+----------+----------+-----------+----------+----------+
| 575          |   39.3733 |  22.5766 | 0.699665 |   50.9355 |  34.7308 | 0.496329 |
+--------------+-----------+----------+----------+-----------+----------+----------+
| 588          |   21.0343 |  14.9025 | 0.790522 |   30.1462 |  22.055  | 0.568424 |
+--------------+-----------+----------+----------+-----------+----------+----------+
| 591          |   32.1538 |  20.6107 | 0.538777 |   40.8216 |  29.3647 | 0.256045 |
+--------------+-----------+----------+----------+-----------+----------+----------+
| AVERAGE      |   28.0521 |  17.9215 | 0.747173 |   38.822  |  27.5183 | 0.531078 |
+--------------+-----------+----------+----------+-----------+----------+----------+